1576797 10290900
1576752 11002700
1576786 10757700
1576923 10738500
1577111 10717000
1576866 11357800
1576819 10295800
1577078 10606200
1576848 10760700
1576857 10789300
1576528 10538100
1577029 10815600
1576965 10595000
1576915 11053200
1576754 11262100
1576984 10908100
1576923 11028600
1576507 10470100
1576797 10866400
1577005 12187300
1576789 11561300
1577016 11460100
1576638 10813100
1576939 10779700
1576594 10791900
1576832 10852100
1576601 10987300
1576937 10661800
1576891 10876000
1577000 10756100
1576987 10044700
1576639 10484300
1576760 10724400
1576900 11915400
1576921 10935800
1576908 10561600
1576966 10584700
1576888 10448500
1576527 10608100
1576650 10255400
