158782 1291700
158703 1456600
158671 1536300
158679 2001200
158609 1464900
158731 1979500
158776 1479000
158686 1491000
158690 1432300
158702 2145300
158708 1692900
158672 1451900
158634 1684300
158613 1383200
158668 1543300
158792 1440500
158499 1404300
158740 1503200
158702 1363000
158638 1485300
158666 1919600
158611 2392300
158680 1489500
158743 1498800
158690 1535300
158687 1627000
158717 1450400
158729 1489200
158606 1502700
158676 1519100
158634 1591100
158747 1519800
158650 1450900
158759 1464500
158606 1381000
158765 1424500
158704 1460300
158798 1451300
158801 1421100
158775 1666600
