3358628 21840400
3358600 23074100
3358523 22782400
3358661 25460200
3358380 22550100
3358410 22612400
3358377 21467500
3358739 22355600
3358250 22356300
3358340 23248800
3358271 22886200
3358438 21594400
3358217 21681300
3358623 23279200
3358702 23124400
3358446 23616900
3358999 22910200
3358556 23361600
3358849 23361900
3358460 23599500
3358056 23110800
3358636 22281100
3358428 21910800
3357945 22665800
3358584 23509500
3358496 23076600
3358572 21977100
3358614 21819600
3358912 21845200
3358128 23193900
3358278 22760000
3358326 23773300
3358543 21961300
3358925 22026900
3358975 23289000
3358427 22653600
3357989 22011400
3358713 23017400
3358367 24373600
3358712 23843500
