-503418880 -1822019388
-503418880 -1622289888
-503418880 -1846697988
-503418880 -1558211588
-503418880 -1559600888
-503418880 -1751969488
-503418880 -1935652088
-503418880 -1888214988
-503418880 2136440108
-503418880 2062062408
-503418880 2014796908
-503418880 -2136420188
-503418880 -2020604788
-503418880 -2085508288
-503418880 -1692161188
-503418880 -1744544788
-503418880 -1873823588
-503418880 -1863926788
-503418880 -1815220088
-503418880 -1754008388
-503418880 -2129186088
-503418880 -2066488288
-503418880 -1996616988
-503418880 -2033011588
-503418880 -2102187688
-503418880 -2120588388
-503418880 -2063755988
-503418880 -1991791388
-503418880 -1602251288
-503418880 -1584287988
-503418880 -1541542088
-503418880 -1669690988
-503418880 -1590911388
-503418880 -1571996188
-503418880 -1524142488
-503418880 -1878577388
-503418880 -2138637988
-503418880 -2138528688
-503418880 -1685189188
-503418880 -1671247488
