1310694400 679257000
1310694400 695248300
1310694400 692736600
1310694400 679074900
1310694400 668523600
1310694400 668485200
1310694400 670938400
1310694400 677644800
1310694400 668508500
1310694400 667464700
1310694400 666504100
1310694400 667613400
1310694400 669974500
1310694400 665394100
1310694400 667432300
1310694400 667895100
1310694400 675520600
1310694400 668901600
1310694400 671283800
1310694400 667414700
1310694400 669839600
1310694400 668678500
1310694400 664679300
1310694400 693836200
1310694400 671401800
1310694400 668386900
1310694400 668415100
1310694400 672070300
1310694400 667743900
1310694400 665276300
1310694400 672694100
1310694400 684244300
1310694400 703041300
1310694400 681907500
1310694400 696984600
1310694400 672805100
1310694400 678770900
1310694400 669840700
1310694400 666323300
1310694400 695613000
