319600 201400
319600 209200
319600 197400
319600 194900
319600 195300
319600 194100
319600 201800
319600 194800
319600 192400
319600 193100
319600 194400
319600 193800
319600 194700
319600 193700
319600 197800
319600 202800
319600 200100
319600 193000
319600 191100
319600 191200
319600 199700
319600 189700
319600 190800
319600 189800
319600 193500
319600 193100
319600 193200
319600 194100
319600 200500
319600 196400
319600 196000
319600 198600
319600 192600
319600 193400
319600 232800
319600 194700
319600 189200
319600 188900
319600 186100
319600 185700
