327667200 176039900
327667200 168390900
327667200 174000700
327667200 176575300
327667200 177105300
327667200 169507600
327667200 175587400
327667200 178451100
327667200 175403800
327667200 193403700
327667200 175987800
327667200 168093200
327667200 167851100
327667200 174331300
327667200 168626400
327667200 167940900
327667200 167686200
327667200 167218000
327667200 167206600
327667200 173563700
327667200 176252300
327667200 180730800
327667200 168018500
327667200 168640600
327667200 176285500
327667200 167584700
327667200 174370200
327667200 172579900
327667200 173921600
327667200 176775600
327667200 174311600
327667200 179447000
327667200 179575600
327667200 179636200
327667200 179023800
327667200 168568200
327667200 167557400
327667200 167263100
327667200 166710000
327667200 167969000
