737159 4908200
737243 5271700
737067 5231000
737294 5138700
737092 5086800
737033 4956600
737148 4860700
737209 5091900
737396 4863000
737210 4852400
737242 4888800
737242 4898800
737282 4906100
737149 4909100
737148 4941800
737280 4857500
736999 4943900
737461 4870500
737339 4884500
736934 4866500
737201 4995200
737089 5105000
737245 4973700
737344 6429500
737056 4834700
737364 4854400
737104 4901600
737507 4871800
737204 4982200
737314 4981400
736836 5267100
737409 5324500
737366 5119700
737148 5046400
737320 4855200
737201 5140800
737417 4946000
737508 5095800
737098 4895300
737140 4849600
