15064 168200
15037 156100
15011 150100
15056 163400
15069 154100
15046 168600
14977 150900
15056 151000
15067 145500
15058 143200
15038 152000
15096 154300
15034 148400
15100 150100
15044 140900
15072 158700
15006 149000
15016 145800
15038 153800
15038 141600
15015 141900
15040 147500
15055 149500
15037 145800
15025 151600
15028 165800
15026 153200
15072 139800
15058 152400
15059 161400
15059 143100
15046 158100
15029 146600
15049 152500
15053 144300
15066 156300
15072 157000
15057 147900
15052 154900
15035 150400
