343085 2991300
343041 2863400
342974 3211300
342948 2947500
343120 3201300
342992 2894500
343024 3131800
342952 3071400
342980 3046600
343046 3139800
343106 3071500
343005 2847300
343085 2829400
342961 2825100
342969 3027700
342942 2903700
343119 2876900
343067 2819700
343090 2880300
343070 2837200
342911 3256600
343264 3016200
343028 2968000
343053 2877600
342870 3042300
342873 2956500
342945 3098300
342904 3101100
342914 3125500
343020 3032500
343082 4419000
343081 2485600
342969 2459400
342994 2537600
342879 2453500
343042 2463800
342853 2307800
343057 2305200
343153 2299100
342799 2287800
