33303 341600
33256 347900
33247 336200
33207 331400
33290 329900
33228 340900
33234 341600
33271 336800
33242 391300
33295 316600
33303 334200
33258 319100
33282 312900
33269 304100
33308 317200
33319 300000
33320 303200
33317 309600
33234 308500
33283 306400
33271 300200
33300 322800
33272 313200
33253 299700
33240 309400
33308 305600
33253 302700
33261 307700
33306 313400
33237 300200
33242 306600
33271 311400
33280 326600
33264 376500
33273 335500
33234 302100
33298 307800
33287 304500
33301 321000
33322 304000
