73000 2578000
72990 569100
72972 839300
72920 513700
72998 543700
72947 523600
72996 508600
73018 526500
72958 530100
72908 523600
72906 522000
72940 524600
72998 525100
73012 524500
72962 518400
72944 517800
72944 547000
72860 518600
72982 555500
72964 563200
72970 540400
72888 541100
72929 515700
73059 512200
72900 519700
72983 513600
72875 521400
72975 532000
73047 538300
72919 520100
72958 579400
72931 524200
72935 522700
72908 521400
72907 615000
72926 557400
72976 571800
72999 577200
72959 710200
72944 568800
