1279200 755300
1279200 737000
1279200 744400
1279200 721600
1279200 730400
1279200 735300
1279200 740100
1279200 722700
1279200 731700
1279200 703300
1279200 709100
1279200 712100
1279200 699800
1279200 727400
1279200 749800
1279200 706700
1279200 706200
1279200 701000
1279200 704300
1279200 709700
1279200 708100
1279200 704500
1279200 730900
1279200 703800
1279200 706600
1279200 705500
1279200 706000
1279200 702000
1279200 702800
1279200 706100
1279200 709500
1279200 701700
1279200 741700
1279200 707500
1279200 706200
1279200 707000
1279200 704700
1279200 704200
1279200 709500
1279200 716000
