5118400 2695200
5118400 2720100
5118400 2812400
5118400 2697300
5118400 2721600
5118400 2713400
5118400 2708700
5118400 2831100
5118400 2749200
5118400 2749700
5118400 2727300
5118400 2690400
5118400 2744000
5118400 2710500
5118400 2704900
5118400 2711500
5118400 2690700
5118400 2790400
5118400 2703200
5118400 2688100
5118400 2681400
5118400 2690500
5118400 2750100
5118400 2701600
5118400 2696500
5118400 2710500
5118400 2684700
5118400 2782200
5118400 2724000
5118400 2687300
5118400 2705000
5118400 2777500
5118400 2847900
5118400 2787300
5118400 2745000
5118400 2784500
5118400 2721000
5118400 2776500
5118400 2714400
5118400 2687800
