947861504 -1503096496
947861504 -1559652096
947861504 -1581446796
947861504 -1523058796
947861504 -1574378196
947861504 -1601249296
947861504 -1608849296
947861504 -1623963596
947861504 -1414403896
947861504 -1288750796
947861504 -1487743296
947861504 -1420186396
947861504 -1476515996
947861504 -1495658496
947861504 -1418820596
947861504 -1311517096
947861504 -1475598696
947861504 -1480122396
947861504 -1406303496
947861504 -1473924896
947861504 -1417888396
947861504 -1418483896
947861504 -1451404696
947861504 -1500589396
947861504 -1493198796
947861504 -1445385196
947861504 -1395773896
947861504 -1355740496
947861504 -1146364796
947861504 -1441657996
947861504 -1451532796
947861504 -1452170696
947861504 -1512302296
947861504 -1497012696
947861504 -1516651296
947861504 -1489338496
947861504 -1552845796
947861504 -1562851896
947861504 -1574584696
947861504 -1563150596
