81913600 44876100
81913600 45484100
81913600 46043100
81913600 45845100
81913600 46974700
81913600 45446100
81913600 46219200
81913600 45056800
81913600 44699500
81913600 44912700
81913600 49948500
81913600 47252000
81913600 44802900
81913600 42438300
81913600 44535400
81913600 44686100
81913600 44632000
81913600 42544300
81913600 43485900
81913600 45259100
81913600 56437700
81913600 49673500
81913600 45868400
81913600 45267800
81913600 44846900
81913600 45365600
81913600 44327400
81913600 45030100
81913600 44693100
81913600 44565800
81913600 45041200
81913600 45115900
81913600 51985000
81913600 44249100
81913600 44439700
81913600 44440200
81913600 44711700
81913600 44223600
81913600 43389900
81913600 43300400
