20476800 11175600
20476800 11330500
20476800 10918200
20476800 10977900
20476800 10745300
20476800 10616800
20476800 10571600
20476800 10628000
20476800 10674700
20476800 10557100
20476800 10695300
20476800 10858300
20476800 10817600
20476800 10537100
20476800 10736600
20476800 10643600
20476800 10563700
20476800 11458200
20476800 11127300
20476800 10975900
20476800 10910800
20476800 10755400
20476800 10716100
20476800 10723000
20476800 10546700
20476800 10754000
20476800 10696700
20476800 10527000
20476800 10560800
20476800 10695100
20476800 10773300
20476800 10691400
20476800 10651600
20476800 10842600
20476800 11753100
20476800 11452400
20476800 11489600
20476800 14236400
20476800 11298200
20476800 11394000
